1, 0.92127764, 0.642218207, 0.642433492, 0.999983088
0.979591837, 0.81787854, 0.463028797, 0.461924436, 0.869192353
0.979591837, 0.89909536, 0.607115143, 0.605195684, 0.928446618
0.959183673, 0.9363066, 0.678645369, 0.679750587, 1.007400368
0.943877551, 0.8603656, 0.525596348, 0.526486995, 0.923171029
0.920918367, 0.5580717, 0.166442761, 0.170102674, 0.580901581
0.892857143, 0.8385415, 0.488476683, 0.490900839, 0.899851507
0.87244898, 0.8545426, 0.507302195, 0.5126957, 0.932398419
0.793367347, 0.8238821, 0.471936109, 0.465706083, 0.892737316
0.785714286, 0.6150049, 0.216598905, 0.208107918, 0.669662684
0.778061224, 0.5122007, 0.124893758, 0.125177766, 0.536899522
0.757653061, 0.6788839, 0.296593526, 0.291541689, 0.708921434
0.75255102, 0.8415782, 0.494193694, 0.492515522, 0.91415886
0.719387755, 0.6211146, 0.231085283, 0.222377819, 0.662676324
0.423469388, 0.68468785, 0.294676902, 0.290843734, 0.730023824
0.428571429, 0.6406548, 0.238742238, 0.241923545, 0.684908309
0.295918367, 0.53043854, 0.142622124, 0.138511432, 0.560197794
0.280612245, 0.52312285, 0.120701902, 0.127786681, 0.557881985
0.242346939, 0.7123901, 0.311333065, 0.312998689, 0.781500993
0.227040816, 0.47935688, 0.080688425, 0.0842086, 0.516109743
0.221938776, 0.6929768, 0.308417546, 0.307199371, 0.723904449
0.214285714, 0.67219627, 0.28547874, 0.270732512, 0.72891
0.160714286, 0.62597406, 0.242192807, 0.21912677, 0.682187978
0.140306122, 0.48660994, 0.080399929, 0.100004405, 0.51314114
0.107142857, 0.47625148, 0.090345503, 0.085711064, 0.508127868
0.107142857, 0.56026787, 0.167564097, 0.160929628, 0.59965886
0.033163265, 0.5340761, 0.147860738, 0.131786995, 0.576836654
0.028061224, 0.4916857, 0.13532717, 0.106880545, 0.515516066
0.020408163, 0.6445522, 0.24747813, 0.253860881, 0.674661875
0.002040816, 0.38365644, 0.001348239, 0.000477819, 0.415647353
